9.999999747378747570e-05 2.674404043855369700e-02
1.020201307255775007e-04 2.726844434124643321e-02
1.040810820995829728e-04 2.780313851984076573e-02
1.061836592270992290e-04 2.834830948532782169e-02
1.083287061192095144e-04 2.890417030086177633e-02
1.105170958908275176e-04 2.947093057572348559e-02
1.127496798289939219e-04 3.004874629274572814e-02
1.150273747043684667e-04 3.063795811266925226e-02
1.173510900116525590e-04 3.123871493704418606e-02
1.197217279695905881e-04 3.185119035324533721e-02
1.221402781084179878e-04 3.247573654195706760e-02
1.246076717507094687e-04 3.311253807919335018e-02
1.271249202545732802e-04 3.376175222204148840e-02
1.296929985983296958e-04 3.442369504797233165e-02
1.323129690717906302e-04 3.509868355876735735e-02
1.349858794128522548e-04 3.578684847609990560e-02
1.377127773594111475e-04 3.648849593372099215e-02
1.404947543051094359e-04 3.720391030947030331e-02
1.433329307474196228e-04 3.793341398362687356e-02
1.462284562876448577e-04 3.867714763478297124e-02
1.491824659751728719e-04 3.943538737397069005e-02
1.521961530670523372e-04 4.020856915637124190e-02
1.552707108203321153e-04 4.099692142101458298e-02
1.584073906997218999e-04 4.180071909838081051e-02
1.616074441699311408e-04 4.262019437733110400e-02
1.648721226956695047e-04 4.345581842084369345e-02
1.682027505012228814e-04 4.430775298253147171e-02
1.716006663627922264e-04 4.517646379549558611e-02
1.750672381604091146e-04 4.606213094619775877e-02
1.786038337741047415e-04 4.696514836839427165e-02
1.822118647396564213e-04 4.788586884618199757e-02
1.858928008005023003e-04 4.882463943618417512e-02
1.896480680443347314e-04 4.978182766342690441e-02
1.934792235260829058e-04 5.075776726425359348e-02
1.973877806449308720e-04 5.175275427784646609e-02
2.013752673519776085e-04 5.276733258326913450e-02
2.054432989098130843e-04 5.380171241303883384e-02
2.095935487886890769e-04 5.485635377652535449e-02
2.138276031473650986e-04 5.593166861592352435e-02
2.181472227675841072e-04 5.702807783407715103e-02
2.225540811195970666e-04 5.814596362370064858e-02
2.270499680889771202e-04 5.928577890354196772e-02
2.316366881132125041e-04 6.044780485091377081e-02
2.363160601817072251e-04 6.163260699060923303e-02
2.410899614915251732e-04 6.284064899457775244e-02
2.459603128954768723e-04 6.407235187563781187e-02
2.509290061425417662e-04 6.532819664592857956e-02
2.559981367085130107e-04 6.660854679634550801e-02
2.611696545500307191e-04 6.791397155106258798e-02
2.664455969352274049e-04 6.924499962401083064e-02
2.718281757552177256e-04 7.060209478667721361e-02
2.773194864857941866e-04 7.198580668017713624e-02
2.829216828104108572e-04 7.339649655315565180e-02
2.886370930355042219e-04 7.483481086103285773e-02
2.944679290521891009e-04 7.630116448532511808e-02
3.004166064783929694e-04 7.779642146722062779e-02
3.064853954128919948e-04 7.932080648620955243e-02
3.126768278889356959e-04 8.087508332635283403e-02
3.189932904206216335e-04 8.245965749939684897e-02
3.254374023526905883e-04 8.407527801213666996e-02
3.320116666145624357e-04 8.572252962121451603e-02
3.387187607586384362e-04 8.740207913014856611e-02
3.455613623373210972e-04 8.911434012938007632e-02
3.525421197991818190e-04 9.086017032491365553e-02
3.596639435272664374e-04 9.264002490539507972e-02
3.669296274892984737e-04 9.445474495351025013e-02
3.743421111721543832e-04 9.630480196935925497e-02
3.819043049588800561e-04 9.819114940697999672e-02
3.896193229593336040e-04 1.001143902663362006e-01
3.974901628680528294e-04 1.020751329613128200e-01
4.055199970025570285e-04 1.040740768773172481e-01
4.137120267841966586e-04 1.061121662410268313e-01
4.220695409458130598e-04 1.081899449124848894e-01
4.305959155317395383e-04 1.103084236357792930e-01
4.392945556901394237e-04 1.124681838505291187e-01
4.481688956730069898e-04 1.146699945609090943e-01
4.572224861476572536e-04 1.169148944861996137e-01
4.664589650928973067e-04 1.192035302428828131e-01
4.758820869028569894e-04 1.215367497232348465e-01
4.854955477640030600e-04 1.239154001687325785e-01
4.953031893819569457e-04 1.263405695738148982e-01
5.053090280853215132e-04 1.288130079142698337e-01
5.155169637873770975e-04 1.313335425632043418e-01
5.259310710243879665e-04 1.339033975022193845e-01
5.365555407479406487e-04 1.365230506359767504e-01
5.473946803249416567e-04 1.391939158120329700e-01
5.584527971222994543e-04 1.419165259792826150e-01
5.697343149222436820e-04 1.446923700966583071e-01
5.812437157146635924e-04 1.475219419750500860e-01
5.929855979047715664e-04 1.504068276905844437e-01
6.049647345207633756e-04 1.533475819863014400e-01
6.171857821755112302e-04 1.563455335032461480e-01
6.296537467278541219e-04 1.594017669390874192e-01
6.423736922442909803e-04 1.625171412231158075e-01
6.553504499606788158e-04 1.656930845258224039e-01
6.685894331894811716e-04 1.689304435876836930e-01
6.820958224125204302e-04 1.722307478091887334e-01
6.958750309422613274e-04 1.755948294327620285e-01
7.099326467141510140e-04 1.790243002665028171e-01
7.242741994559765946e-04 1.825200242441223086e-01
7.389056263491508092e-04 1.860833180394903252e-01
7.538324571214617383e-04 1.897158386602897373e-01
7.690608617849644746e-04 1.934181280199038233e-01
7.845968939363955367e-04 1.971922883682245276e-01
8.004467817954721235e-04 2.010389625028937421e-01
8.166168699972329355e-04 2.049602807549130157e-01
8.331136777997015823e-04 2.089568808693609003e-01
8.499436080455784366e-04 2.130306228320006934e-01
8.671135874465109002e-04 2.171829204701815064e-01
8.846306591294703699e-04 2.214153323570189902e-01
9.025013423524793710e-04 2.257289233658800742e-01
9.207330294884738054e-04 2.301256669755932793e-01
9.393331129103900086e-04 2.346067301283238093e-01
9.583088685758407547e-04 2.391736709684022522e-01
9.776679798960687898e-04 2.438281080599008499e-01
9.974181884899731114e-04 2.485717240570883835e-01
1.017567352391778989e-03 2.534061652308797763e-01
1.038123620674014308e-03 2.583321490185990776e-01
1.059095025993883393e-03 2.633528773915714827e-01
1.080490066669881344e-03 2.684686420770394655e-01
1.102317473851144531e-03 2.736822806522327678e-01
1.124585745856166103e-03 2.789944107212422586e-01
1.147304079495369954e-03 2.844075405863759065e-01
1.170481205917894840e-03 2.899234692799392832e-01
1.194126438349484964e-03 2.955429691889808197e-01
1.218249439261854129e-03 3.012696535766540284e-01
1.242859638296067498e-03 3.071038045891235635e-01
1.267967047169804573e-03 3.130479706350974833e-01
1.293581677600741170e-03 3.191035324146168639e-01
1.319713657721877315e-03 3.252737545958264143e-01
1.346373581327497525e-03 3.315588481550522659e-01
1.373572158627211397e-03 3.379621615978363747e-01
1.401320099830628092e-03 3.444851928364948690e-01
1.429628580808639743e-03 3.511301256989106112e-01
1.458509010262787776e-03 3.578991341932239445e-01
1.487973146140575409e-03 3.647937526573772349e-01
1.518032280728221807e-03 3.718162400792726086e-01
1.548698521219194369e-03 3.789688432278155439e-01
1.579984207637608919e-03 3.862531562149116304e-01
1.611902029253542640e-03 3.936714596016037127e-01
1.644464675337076838e-03 4.012253817018504587e-01
1.677684951573611173e-03 4.089179937822629007e-01
1.711576362140476704e-03 4.167501157126773936e-01
1.746152411215007522e-03 4.247242042302339926e-01
1.781426952220498865e-03 4.328425519682546629e-01
1.817414187826216438e-03 4.411068749242630926e-01
1.854128437116742785e-03 4.495203833061477416e-01
1.891584135591983795e-03 4.580838999049828830e-01
1.929797115735710535e-03 4.667998552979670812e-01
1.968781696632504030e-03 4.756707792437722127e-01
2.008553594350814386e-03 4.846991741858552305e-01
2.049128990620375113e-03 4.938866961194093297e-01
2.090524183586240248e-03 5.032349003419397393e-01
2.132755704224109216e-03 5.127463583110390966e-01
2.175839850679040823e-03 5.224236788839687895e-01
2.219794783741235299e-03 5.322694357609015769e-01
2.264637732878328237e-03 5.422841888278532307e-01
2.310386393219232126e-03 5.524715240168591723e-01
2.357059158384799524e-03 5.628330700303766365e-01
2.404674887657165961e-03 5.733714561472628146e-01
2.453252440318464799e-03 5.840882623815843999e-01
2.502811839804052439e-03 5.949849395446052958e-01
2.553372178226709366e-03 6.060628817169133598e-01
2.604953711852432598e-03 6.173224484854721306e-01
2.657577162608504295e-03 6.287658698696187987e-01
2.711263718083499561e-03 6.403946787509012806e-01
2.766034798696636286e-03 6.522098691074218468e-01
2.821912290528417501e-03 6.642114605044309172e-01
2.878918778151273727e-03 6.764002457130142698e-01
2.937076613307000074e-03 6.887785777671350251e-01
2.996409544721245332e-03 7.013474122650351639e-01
3.056940855458379659e-03 7.141060068579403453e-01
3.118695225566626029e-03 7.270551136437444217e-01
3.181697800755502094e-03 7.401952703256230448e-01
3.245972329750657082e-03 7.535269789221230585e-01
3.311545122414828214e-03 7.670518654352550536e-01
3.378442721441387263e-03 7.807689945894398242e-01
3.446691902354358326e-03 7.946767825442527799e-01
3.516319673508406986e-03 8.087782776927427975e-01
3.587353741750119382e-03 8.230703992969345961e-01
3.659823210909963088e-03 8.375543847519852925e-01
3.733756253495811115e-03 8.522298406994289754e-01
3.809183137491345406e-03 8.670963051766256147e-01
3.886133432388305230e-03 8.821514177760808595e-01
3.964638803154230118e-03 8.973960281966590902e-01
4.044729284942150116e-03 9.128274317826203799e-01
4.126439336687328166e-03 9.284409866089388119e-01
4.209799226373432332e-03 9.442369335170476274e-01
4.294842481613158312e-03 9.602100827688453411e-01
4.381604027003048116e-03 9.763547162202410590e-01
4.470118321478364250e-03 9.926705357666103513e-01
4.560420289635656529e-03 1.009149194131133909e+00
4.652547184377907839e-03 1.025787949657943843e+00
4.746534395962953568e-03 1.042583704803194067e+00
4.842421039938928432e-03 1.059529069617437536e+00
4.940244369208811846e-03 1.076618553923720967e+00
5.040043499320747203e-03 1.093847991509425244e+00
5.141858942806719866e-03 1.111209037240857622e+00
5.245731677860023326e-03 1.128695010552834166e+00
5.351703613996505737e-03 1.146300794852760374e+00
5.459814798086879903e-03 1.164012437378379339e+00
5.570110399276019877e-03 1.181828730647080050e+00
5.682633724063636607e-03 1.199734585391434072e+00
5.797430872917177895e-03 1.217723741536206106e+00
5.914546549320220947e-03 1.235784284446942216e+00
6.034028250724075490e-03 1.253907217007378394e+00
6.155923474580046045e-03 1.272082452738074743e+00
6.280281115323303395e-03 1.290294645371439231e+00
6.407150998711582529e-03 1.308532946930274443e+00
6.536584347486495972e-03 1.326783538378180971e+00
6.668631453067061683e-03 1.345037229778606624e+00
6.803346797823909414e-03 1.363276879179132539e+00
6.940783467143774900e-03 1.381489679005515780e+00
7.080996409058569127e-03 1.399660214205989739e+00
7.224041502922770759e-03 1.417772197032011849e+00
7.369977422058581439e-03 1.435811899353499621e+00
7.518860511481762800e-03 1.453759325571750916e+00
7.670750841498376674e-03 1.471599976259640341e+00
7.825713604688647879e-03 1.489318486439351608e+00
7.983803749084469187e-03 1.506893847984338120e+00
8.145087398588657379e-03 1.524310360426995192e+00
8.309628814458850515e-03 1.541548885982895634e+00
8.477495051920410502e-03 1.558589792004360541e+00
8.648751303553581238e-03 1.575413453387516816e+00
8.823467418551443273e-03 1.592002645001075356e+00
9.001712314784523356e-03 1.608337077999593800e+00
9.183559566736219579e-03 1.624395898154337159e+00
9.369079023599628103e-03 1.640161471235861645e+00
9.558347053825860459e-03 1.655609239434204349e+00
9.751439094543457031e-03 1.670721365590920993e+00
9.948430582880972081e-03 1.685479625571741025e+00
1.014940161257982428e-02 1.699855681234083482e+00
1.035443320870399302e-02 1.713837980047405063e+00
1.056360639631748373e-02 1.727394851600886128e+00
1.077700592577457775e-02 1.740514297420904688e+00
1.099471468478441238e-02 1.753171582033444365e+00
1.121682208031415766e-02 1.765345150779060512e+00
1.144341751933097839e-02 1.777020142788616308e+00
1.167458947747945786e-02 1.788171832522411187e+00
1.191043108701705933e-02 1.798779303146238018e+00
1.215103827416896820e-02 1.808828587860910053e+00
1.239650510251521717e-02 1.818295799786453726e+00
1.264693029224872589e-02 1.827153928421004103e+00
1.290241535753011357e-02 1.835375848356752382e+00
1.316306740045547659e-02 1.842942101843799474e+00
1.342897955328225916e-02 1.849826644164490608e+00
1.370026171207428325e-02 1.856004038149549729e+00
1.397702563554048191e-02 1.861452731021565832e+00
1.425937935709952961e-02 1.866169777801237162e+00
1.454743742942810406e-02 1.870142483239245257e+00
1.484131626784801483e-02 1.873369647037153252e+00
1.514112949371337891e-02 1.875850730575966629e+00
1.544700097292661493e-02 1.877575670483212278e+00
1.575904898345470428e-02 1.878542375984425084e+00
1.607740484178066254e-02 1.878732141169381586e+00
1.640218868851662029e-02 1.878119211942693489e+00
1.673353463411330830e-02 1.876672178101010946e+00
1.707157306373119354e-02 1.874375217624369983e+00
1.741644181311130871e-02 1.871202947946525086e+00
1.776827871799468647e-02 1.867134967083394104e+00
1.812721975147724846e-02 1.862141362536956057e+00
1.849341392517090191e-02 1.856201207196603642e+00
1.886700466275215149e-02 1.849292306003886832e+00
1.924814470112323761e-02 1.841383169539704712e+00
1.963698305189609528e-02 1.832462595753201695e+00
2.003367431461810719e-02 1.822510862549257205e+00
2.043838053941726685e-02 1.811520774931771882e+00
2.085126377642155387e-02 1.799515752720551864e+00
2.127248607575893055e-02 1.786516401120507025e+00
2.170222811400890697e-02 1.772545525987792026e+00
2.214064262807368885e-02 1.757631243406613253e+00
2.258791215717792164e-02 1.741792218016243510e+00
2.304421924054623344e-02 1.725072300036415873e+00
2.350974269211291920e-02 1.707519366166207142e+00
2.398467063903808941e-02 1.689194195658281883e+00
2.446919120848178864e-02 1.670154236526041114e+00
2.496350184082985271e-02 1.650453738099153078e+00
2.546779811382294048e-02 1.630148936216441635e+00
2.598228119313716541e-02 1.609289559184099883e+00
2.650715783238410603e-02 1.587848766624583075e+00
2.704263851046562195e-02 1.565776623792153321e+00
2.758893370628356587e-02 1.543036831543658671e+00
2.814626693725585244e-02 1.519592029800483024e+00
2.871485799551009785e-02 1.495410928856333088e+00
2.929493598639965751e-02 1.470480835175058898e+00
2.988673374056815754e-02 1.444973940737607876e+00
3.049048408865928997e-02 1.419189217074622977e+00
3.110643289983272552e-02 1.393410055085288590e+00
3.173482418060303428e-02 1.367898223978454064e+00
3.237590938806533120e-02 1.342902188963558840e+00
3.302994742989540794e-02 1.318644642953542334e+00
3.369719535112381675e-02 1.295171050769741372e+00
3.437792137265204689e-02 1.272292366866845992e+00
3.507240116596221924e-02 1.249817975947890014e+00
3.578091040253638527e-02 1.227569588083762486e+00
3.650375083088875511e-02 1.205372339471538989e+00
3.724117204546929100e-02 1.183077700143808197e+00
3.799349442124366066e-02 1.160597449821550997e+00
3.876101225614548423e-02 1.138008114629210032e+00
3.954403474926948547e-02 1.115415934900606976e+00
4.034287855029106140e-02 1.092917800444084042e+00
4.115785658359528282e-02 1.070599798666000080e+00
4.198930040001869896e-02 1.048547509361422048e+00
4.283754155039785905e-02 1.026853562532925812e+00
4.370291531085968711e-02 1.005713820823914029e+00
4.458577185869216919e-02 9.853419657615458682e-01
4.548646509647369385e-02 9.659408338841904973e-01
4.640534892678261497e-02 9.476913773991205714e-01
4.734279960393907027e-02 9.307626488528010222e-01
4.829918593168258667e-02 9.152964944818433590e-01
4.927489161491393349e-02 9.012109023486483128e-01
5.027031153440474076e-02 8.882614953397592883e-01
5.128583684563637474e-02 8.762248708812281350e-01
5.232188105583190918e-02 8.648839615440890860e-01
5.337885022163391113e-02 8.540351316020272643e-01
5.445717647671700912e-02 8.434865379475963154e-01
5.555728077888489463e-02 8.330713363073793953e-01
5.667961388826369545e-02 8.226544791086406461e-01
5.782461538910865784e-02 8.121077481402509957e-01
5.899274721741674943e-02 8.013123771985637411e-01
6.018447875976563888e-02 7.901570155590108557e-01
6.140031665563584068e-02 7.785329808102072757e-01
6.264068186283111572e-02 7.663736359903737805e-01
6.390611082315444946e-02 7.537024085749380875e-01
6.519709527492521806e-02 7.405552076458921107e-01
6.651416420936584473e-02 7.269714990333239202e-01
6.785783171653750334e-02 7.129893769170037032e-01
6.922865658998489380e-02 6.986402213414731888e-01
7.062716782093048096e-02 6.838333594501430079e-01
7.205392420291903410e-02 6.683848335177329236e-01
7.350950688123701615e-02 6.521349515390917340e-01
7.499449700117109818e-02 6.349441879775389319e-01
7.650949060916900635e-02 6.167131793640273640e-01
7.805508375167846680e-02 5.975712615137722672e-01
7.963189482688905196e-02 5.778032282557623578e-01
8.124056458473205566e-02 5.576745631785179347e-01
8.288173377513886886e-02 5.374275393777401266e-01
8.455605059862136841e-02 5.172925646634233265e-01
8.626419305801392989e-02 4.975189413224839763e-01
8.800684660673140092e-02 4.783287789312395955e-01
8.978470414876939254e-02 4.599112253404059603e-01
9.159847348928450150e-02 4.424263680463389470e-01
9.344887733459471268e-02 4.260074371721642161e-01
9.533667564392088456e-02 4.107662944585173670e-01
9.726259857416154342e-02 3.967963191672528311e-01
9.922743588685987992e-02 3.841474796938912917e-01
1.012320071458816667e-01 3.727860744741224863e-01
1.032770201563835283e-01 3.626657189336843223e-01
1.053633540868759294e-01 3.537419001750627401e-01
1.074918285012245317e-01 3.458975792558328655e-01
1.096633151173591614e-01 3.389465989050249317e-01
1.118786558508873125e-01 3.327199498713335757e-01
1.141387522220611433e-01 3.270159419304231596e-01
1.164445057511329651e-01 3.215470924962211541e-01
1.187968328595161438e-01 3.160280127433769404e-01
1.211966872215270857e-01 3.101998908504881580e-01
1.236450299620628496e-01 3.038422295761075143e-01
1.261428147554397583e-01 2.967606596154645504e-01
1.286910772323608676e-01 2.888264573591990958e-01
1.312908083200454712e-01 2.800448543819311631e-01
1.339430510997772217e-01 2.704556534342917873e-01
1.366488784551620761e-01 2.601774977006723333e-01
1.394093632698059082e-01 2.494235349165226934e-01
1.422256231307983398e-01 2.384095387293518886e-01
1.450987607240676880e-01 2.274507016720556385e-01
1.480299532413482666e-01 2.168756467697553203e-01
1.510203480720520020e-01 2.069635043152577847e-01
1.540711671113967896e-01 1.979554395275929246e-01
1.571836024522781650e-01 1.900246602228721493e-01
1.603589206933975220e-01 1.831779911580251607e-01
1.635983735322952271e-01 1.773641260208836112e-01
1.669032722711563110e-01 1.724516661331340350e-01
1.702750325202941617e-01 1.682548246943194048e-01
1.737148016691207886e-01 1.645516629685970234e-01
1.772240847349166593e-01 1.610715553007156520e-01
1.808042377233505527e-01 1.575430102203861094e-01
1.844567209482192993e-01 1.536884660206669084e-01
1.881829947233200073e-01 1.493155124049906080e-01
1.919845342636108398e-01 1.443493682208166207e-01
1.958628743886947632e-01 1.388302572739690821e-01
1.998195648193359097e-01 1.329126173320422377e-01
2.038561850786209106e-01 1.268166381773046802e-01
2.079743593931198398e-01 1.207996405151168517e-01
2.121756970882415494e-01 1.151469437091348358e-01
2.164619266986846646e-01 1.100816439589784868e-01
2.208347618579864224e-01 1.056534687165491954e-01
2.252959161996841431e-01 1.018779888981204973e-01
2.298471927642822266e-01 9.870490863328071351e-02
2.344903945922851840e-01 9.591857509639872825e-02
2.392274141311645230e-01 9.329874728134622541e-02
2.440601289272308350e-01 9.065653793838437946e-02
2.489904463291167935e-01 8.784183235398969336e-02
2.540203928947448730e-01 8.472822468161009257e-02
2.591519355773925781e-01 8.130518123723227963e-02
2.643871605396270752e-01 7.775007508519808652e-02
2.697281241416931152e-01 7.423719636641559760e-02
2.751770019531249445e-01 7.090804160324334915e-02
2.807360589504242498e-01 6.787094156257704458e-02
2.864072918891906738e-01 6.521247707536427518e-02
2.921931147575378418e-01 6.291248077385630522e-02
2.980957925319671076e-01 6.082262048431334722e-02
3.041175603866577148e-01 5.880461956542262086e-02
3.102613091468811035e-01 5.676440934776303543e-02
3.165288269519805908e-01 5.465376879985591602e-02
3.229232728481293280e-01 5.243753662818809169e-02
3.294466137886047363e-01 5.016716337088403949e-02
3.361020088195800781e-01 4.796716875228446142e-02
3.428915739059448242e-01 4.594245091105179229e-02
3.498185873031616211e-01 4.411042717287116943e-02
3.568852245807647705e-01 4.242413034182140885e-02
3.640949726104736328e-01 4.084014940907560592e-02
3.714503347873687744e-01 3.931193160454003743e-02
3.789539337158203125e-01 3.779307659407600550e-02
3.866094946861267090e-01 3.624825223415018005e-02
3.944193124771118164e-01 3.470468503628140050e-02
4.023872911930084229e-01 3.322140344984732263e-02
4.105158448219299316e-01 3.184417938464222803e-02
4.188090264797210693e-01 3.056601279077294717e-02
4.272693395614624023e-01 2.935604205440087155e-02
4.359009265899658203e-01 2.818902385323847695e-02
4.447064697742462158e-01 2.705756102999882715e-02
4.536903798580169678e-01 2.596146351837785166e-02
4.628553092479705811e-01 2.490092262725228378e-02
4.722057878971099854e-01 2.387565624954689908e-02
4.817447662353515625e-01 2.288556726420687415e-02
4.914768934249877930e-01 2.193022035295950564e-02
5.014051198959350586e-01 2.100926320267883923e-02
5.115343928337097168e-01 2.012218120026051937e-02
5.218678116798400879e-01 1.926848183626686528e-02
5.324105024337768555e-01 1.844744126420367822e-02
5.431656241416931152e-01 1.765848689526937007e-02
5.541385412216186523e-01 1.690088032603136517e-02
5.653325915336608887e-01 1.617388618056498500e-02
5.767533779144287109e-01 1.547669811225842011e-02
5.884042978286743164e-01 1.480855478022607974e-02
6.002910733222961426e-01 1.416859075526787082e-02
6.124180555343627930e-01 1.355591120782446111e-02
6.247894167900085449e-01 1.296936564712434722e-02
6.374112367630004883e-01 1.240774271797471552e-02
6.502875089645385742e-01 1.186999382042502188e-02
6.634244918823242188e-01 1.135499915226656671e-02
6.768262386322021484e-01 1.086182044744820295e-02
6.904993653297424316e-01 1.038944583838014024e-02
7.044480443000793457e-01 9.937028088270330808e-03
7.186791300773620605e-01 9.503651263344101846e-03
7.331970334053039551e-01 9.088531349017985039e-03
7.480089664459228516e-01 8.690847283679815558e-03
7.631193399429321289e-01 8.309893922573393168e-03
7.785357832908630371e-01 7.944915159518802991e-03
7.942628264427185059e-01 7.595270262323525201e-03
8.103083968162536621e-01 7.260267390256766075e-03
8.266773223876953125e-01 6.939331802210403112e-03
8.433775901794433594e-01 6.631836577915496168e-03
8.604146242141723633e-01 6.337267739138175739e-03
8.777965307235717773e-01 6.055108042396018138e-03
8.955286741256713867e-01 5.784901404062690704e-03
9.136199951171875000e-01 5.526164044285875390e-03
9.320759773254394531e-01 5.278471634268627061e-03
9.509055614471435547e-01 5.041363666173544374e-03
9.701146483421325684e-01 4.814454563926131615e-03
9.897126555442810059e-01 4.597309256834194481e-03
1.009706735610961914e+00 4.389552947272304557e-03
1.030103564262390137e+00 4.190821799607012503e-03
1.050913572311401367e+00 4.000727727255331406e-03
1.072142839431762695e+00 3.818945951476942612e-03
1.093802094459533691e+00 3.645111643101188112e-03
1.115897774696350098e+00 3.478926514934886638e-03
1.138440966606140137e+00 3.320051855437645277e-03
1.161438465118408203e+00 3.168204786580327767e-03
1.184901475906372070e+00 3.023075274664009920e-03
1.208837509155273438e+00 2.884399099192752700e-03
1.233258247375488281e+00 2.751878887567310583e-03
1.258171200752258301e+00 2.625269880207991950e-03
1.283588409423828125e+00 2.504301694775089900e-03
1.309517979621887207e+00 2.388744911931245298e-03
1.335972666740417480e+00 2.278355194628732538e-03
1.362960457801818848e+00 2.172918931860979685e-03
1.390494704246520996e+00 2.072211812185732749e-03
1.418583869934082031e+00 1.976039761322949308e-03
1.447241783142089844e+00 1.884194544307571514e-03
1.476477265357971191e+00 1.796498902297543644e-03
1.506304740905761719e+00 1.712761678948987020e-03
1.536733388900756836e+00 1.632818197501931983e-03
1.567778229713439941e+00 1.556495861164764035e-03
1.599448561668395996e+00 1.483640851762217877e-03
1.631760358810424805e+00 1.414098153343756447e-03
1.664723157882690430e+00 1.347725602240820286e-03
1.698353648185729980e+00 1.284378078310920547e-03
1.732663393020629661e+00 1.223925448136952516e-03
1.767664790153503418e+00 1.166243909288683812e-03
1.803374767303466797e+00 1.111206377892330708e-03
1.839804410934448020e+00 1.058698762953311267e-03
1.876971840858459251e+00 1.008605833338448252e-03
1.914888262748718040e+00 9.608234727845258024e-04
1.953572392463684082e+00 9.152454943233564143e-04
1.993036270141601562e+00 8.717769235550730175e-04
2.033299207687377930e+00 8.303190549771775853e-04
2.074373483657836914e+00 7.907875895492473550e-04
2.116279602050781250e+00 7.530902565123910684e-04
2.159030199050903320e+00 7.171494263865134866e-04
2.202646493911743164e+00 6.828814895580972771e-04
2.247141838073730469e+00 6.502152995508256534e-04
2.292538166046142578e+00 6.190736579215771768e-04
2.338849306106567383e+00 5.893921385572786038e-04
2.386098384857177734e+00 5.611001246963628593e-04
2.434299468994140625e+00 5.341374473410911029e-04
2.483476638793945312e+00 5.084408259768105794e-04
2.533645153045654297e+00 4.839546621469302035e-04
2.584829330444335938e+00 4.606214358977230613e-04
2.637045145034790039e+00 4.383903259481539204e-04
2.690318107604980469e+00 4.172083419993898208e-04
2.744664669036865234e+00 3.970295505466519105e-04
2.800111770629882812e+00 3.778059896816471190e-04
2.856679201126098633e+00 3.594936654736709150e-04
2.914386510848999023e+00 3.420518545667659382e-04
2.973262310028076172e+00 3.254389500550245026e-04
3.033324718475341797e+00 3.096174394311945982e-04
3.094603538513183594e+00 2.945490970773396717e-04
3.157116889953613281e+00 2.802008657970316507e-04
3.220896482467651811e+00 2.665373793898615537e-04
3.285961151123046875e+00 2.535280589978598635e-04
3.352343559265136719e+00 2.411411289551571816e-04
3.420063495635985884e+00 2.293488257921805272e-04
3.489155292510986328e+00 2.181218147945071680e-04
3.559638977050781250e+00 2.074349328367980068e-04
3.631550312042235884e+00 1.972616916738277311e-04
3.704910516738892046e+00 1.875788299821202619e-04
3.779756546020508257e+00 1.783623541985948223e-04
3.856110334396362305e+00 1.695913644071255107e-04
3.934011220932007280e+00 1.612436336077599421e-04
4.013481616973876953e+00 1.533002354525513761e-04
4.094560623168946201e+00 1.457410345781158555e-04
4.177274703979491299e+00 1.385486434044953742e-04
4.261662960052490234e+00 1.317049820162633758e-04
4.347752094268798828e+00 1.251940048407094248e-04
4.435584545135498047e+00 1.189995477736288280e-04
4.525187015533447266e+00 1.131068041190915011e-04
4.616604328155516690e+00 1.075009060505195614e-04
4.709867954254150391e+00 1.021684213173207410e-04
4.805011272430419922e+00 9.709650507010052277e-05
4.902080535888670987e+00 9.227226924718711374e-05
5.001106739044190341e+00 8.768435573478485987e-05
5.102138519287109375e+00 8.332080918094645944e-05
5.205205917358398438e+00 7.917119491466381395e-05
5.310360431671142578e+00 7.522502205835075034e-05
5.417634010314941406e+00 7.147279379089245598e-05
5.527080535888671875e+00 6.790474454912570081e-05
5.638731956481932706e+00 6.451248118587399154e-05
5.752644538879393643e+00 6.128699074671166316e-05
5.868852615356446201e+00 5.822065862365619147e-05
5.987413883209227627e+00 5.530537405304754875e-05
6.108364582061766690e+00 5.253416311865484321e-05
6.231764793395996094e+00 4.989978328855372650e-05
6.357651710510254794e+00 4.739578984930004215e-05
6.486087799072265625e+00 4.501561914859053971e-05
6.617112159729003906e+00 4.275342922040005554e-05
6.750789642333984375e+00 4.060331719025887825e-05
6.887161731719971591e+00 3.855998159443668196e-05
7.026294231414795810e+00 3.661802812601235024e-05
7.168231010437011719e+00 3.477265335354438094e-05
7.313042640686034268e+00 3.301904406568410214e-05
7.460772514343261719e+00 3.135276893543708634e-05
7.611493587493896484e+00 2.976943680104448441e-05
7.765251159667968750e+00 2.826513277995217538e-05
7.922123908996582919e+00 2.683581270816979086e-05
8.082165718078615058e+00 2.547787576843370778e-05
8.245431900024414062e+00 2.418788253219934906e-05
8.412004470825195312e+00 2.296234688974742747e-05
8.581933021545408380e+00 2.179818786031812223e-05
8.755304336547851562e+00 2.069230032365746748e-05
8.932168960571289062e+00 1.964189235979914240e-05
9.112614631652833808e+00 1.864415142770749383e-05
9.296697616577148438e+00 1.769652884109123033e-05
9.484506607055664062e+00 1.679648073071654944e-05
9.676101684570312500e+00 1.594171910113665767e-05
9.871577262878417969e+00 1.512990751102261198e-05
1.007099151611327947e+01 1.435901070717569841e-05
1.027444362640381037e+01 1.362691373756491178e-05
1.048199558258056641e+01 1.293177370768407569e-05
1.069375038146973012e+01 1.227164971822065600e-05
1.090977287292480469e+01 1.164490321564422658e-05
1.113017082214355469e+01 1.104977812328417702e-05
1.135500907897949219e+01 1.048476821604296562e-05
1.158440113067627308e+01 9.948310428886628594e-06
1.181841564178466975e+01 9.439031281829054712e-06
1.205716896057128551e+01 8.955528432378710832e-06
1.230073451995849965e+01 8.496568529899459812e-06
1.254923057556152699e+01 8.060846542209665672e-06
1.280273532867431641e+01 7.647267782969311312e-06
1.306137371063232422e+01 7.254677557286141263e-06
1.332523727416992188e+01 6.882030284933202967e-06
1.359441852569580078e+01 6.528352561555235399e-06
1.386905002593994496e+01 6.192653677809772403e-06
1.414921665191650035e+01 5.874062206625197268e-06
1.443505573272705256e+01 5.571683799246604057e-06
1.472665596008301314e+01 5.284731629707333340e-06
1.502416229248046697e+01 5.012403937454351707e-06
1.532766246795654652e+01 4.753989518939461202e-06
1.563730907440185902e+01 4.508759038210750049e-06
1.595319461822509588e+01 4.276075271771781055e-06
1.627547836303710582e+01 4.055270503733494315e-06
1.660425758361816762e+01 3.845778813105634960e-06
1.693969345092773793e+01 3.646997157361570562e-06
1.728188896179198863e+01 3.458402845340874694e-06
1.763101387023925781e+01 3.279471144209830434e-06
1.798717689514159801e+01 3.109718524824891845e-06
1.835054969787597656e+01 2.948665259250034074e-06
1.872124481201171875e+01 2.795888525263971439e-06
1.909944725036621094e+01 2.650948896585931888e-06
1.948527336120605113e+01 2.513465024112688756e-06
1.987891006469726562e+01 2.383043329447541546e-06
2.028048133850097656e+01 2.259337018051018425e-06
2.069018363952636363e+01 2.141991284618163934e-06
2.110814285278320668e+01 2.030693446330959954e-06
2.153456497192382812e+01 1.925125798808107745e-06
2.196960258483886363e+01 1.824998100796495137e-06
2.241340637207031605e+01 1.730040152800397346e-06
2.286619758605956676e+01 1.639978022079628585e-06
2.332811546325683594e+01 1.554570192731286939e-06
2.379938316345214844e+01 1.473569838701355378e-06
2.428015327453612926e+01 1.396757775134273513e-06
2.477065467834472301e+01 1.323914769989805687e-06
2.527104377746582031e+01 1.254844458572787770e-06
2.578156280517578125e+01 1.189343680265495955e-06
2.630237197875976918e+01 1.127239654707340952e-06
2.683372688293456321e+01 1.068349193060121173e-06
2.737579345703125355e+01 1.012514227512629514e-06
2.792883300781250711e+01 9.595731235305699059e-07
2.849301719665527699e+01 9.093801697144315129e-07
2.906862831115722301e+01 8.617909250406783966e-07
2.965583992004394531e+01 8.166750607755736528e-07
3.025494003295898438e+01 7.739015264694019869e-07
3.086611557006836648e+01 7.333529665594121085e-07
3.148966789245605113e+01 6.949113990472430106e-07
3.212578201293945312e+01 6.584718831606348163e-07
3.277478408813477273e+01 6.239274133395569682e-07
3.343686294555663352e+01 5.911835168731706630e-07
3.411234664916991477e+01 5.601438843320638011e-07
3.480144119262696023e+01 5.307240574399824532e-07
3.550449752807617188e+01 5.028372698386570234e-07
3.622171783447265625e+01 4.764058493136523226e-07
3.695346069335937500e+01 4.513528822185291011e-07
3.769998550415038352e+01 4.276084661685328712e-07
3.846155929565429688e+01 4.051051713376292502e-07
3.923855209350585938e+01 3.837768631382988432e-07
4.003120040893554688e+01 3.635642798616700656e-07
4.083990478515625000e+01 3.444083024671641141e-07
4.166490554809571023e+01 3.262551937667141506e-07
4.250661087036132102e+01 3.090517750852967584e-07
4.336528015136718750e+01 2.927497059966340133e-07
4.424134063720703125e+01 2.773011554775187241e-07
4.513504791259765625e+01 2.626629300824369903e-07
4.604685974121093039e+01 2.487914204255086512e-07
4.697704696655272727e+01 2.356483402489761856e-07
4.792606353759764204e+01 2.231941875182278564e-07
4.889421081542969461e+01 2.113945303798438358e-07
4.988196563720702414e+01 2.002138521203694048e-07
5.088962173461913352e+01 1.896211899063979380e-07
5.191768264770507812e+01 1.795846129849586557e-07
5.296646118164063211e+01 1.700762804216820157e-07
5.403647994995115766e+01 1.610678414972262095e-07
5.512805938720703125e+01 1.525337058995462866e-07
5.624174880981445312e+01 1.444484185429971198e-07
5.737788009643554688e+01 1.367891512401731349e-07
5.853701782226563921e+01 1.295331662775236409e-07
5.971951675415038352e+01 1.226600551217680293e-07
6.092595291137697444e+01 1.161488299425444536e-07
6.215677261352538352e+01 1.099810697882638917e-07
6.341239166259765625e+01 1.041390019002498773e-07
6.469343566894532671e+01 9.860498436358903494e-08
6.600029754638670454e+01 9.336351063947396636e-08
6.733362579345701704e+01 8.839861589611366524e-08
6.869381713867186079e+01 8.369627452284584209e-08
7.008155822753906250e+01 7.924224585638848352e-08
7.149726104736329546e+01 7.502392733734235637e-08
7.294163513183595171e+01 7.102852568999109769e-08
7.441511535644532671e+01 6.724471796448654266e-08
7.591843414306640625e+01 6.366101211463851833e-08
7.745205688476562500e+01 6.026716954982413137e-08
7.901672363281248579e+01 5.705294118592362518e-08
8.061293029785157671e+01 5.400912912653308593e-08
8.224145507812498579e+01 5.112652760489756447e-08
8.390280151367190342e+01 4.839687434436423519e-08
8.559779357910156250e+01 4.581185109371055278e-08
8.732693481445311079e+01 4.336413994457340848e-08
8.909109497070311079e+01 4.104617259072745870e-08
9.089080810546875000e+01 3.885142630591064572e-08
9.272697448730470171e+01 3.677314523361519843e-08
9.460013580322264204e+01 3.480534986948879163e-08
9.651123046875001421e+01 3.294213128989485254e-08
9.846083831787112217e+01 3.117803933713193647e-08
1.004499206542968750e+02 2.950773632323433434e-08
1.024791946411132244e+02 2.792630331018856604e-08
1.045493545532226136e+02 2.642916107723686108e-08
1.066614456176757386e+02 2.501167717602791102e-08
1.088160934448242472e+02 2.366980183690380860e-08
1.110143737792968750e+02 2.239940157682762361e-08
1.132569580078125000e+02 2.119679030478874922e-08
1.155449447631835795e+02 2.005828406392267268e-08
1.178790588378906108e+02 1.898057414258354704e-08
1.202604217529296875e+02 1.796037401129455582e-08
1.226897811889648153e+02 1.699469211534958739e-08
1.251683502197266193e+02 1.608056160986373117e-08
1.276968460083007244e+02 1.521533413696700917e-08
1.302765655517578409e+02 1.439629736512772223e-08
1.329082489013671591e+02 1.362106493682905791e-08
1.355932312011719318e+02 1.288723873800660145e-08
1.383323364257811932e+02 1.219266582729490027e-08
1.411268920898437216e+02 1.153518577754557518e-08
1.439777679443359943e+02 1.091288424267640607e-08
1.468863830566406534e+02 1.032382597893310885e-08
1.498536071777343182e+02 9.766295964109468301e-09
1.528809356689453125e+02 9.238550315486079832e-09
1.559692535400391193e+02 8.739054024211912739e-09
1.591201019287109091e+02 8.266273322751826553e-09
1.623344726562500568e+02 7.818812396380376908e-09
1.656139221191406534e+02 7.395280623435090829e-09
1.689596252441406250e+02 6.994445094717087008e-09
1.723727416992187500e+02 6.615073989317077803e-09
1.758549804687500568e+02 6.256032276744422020e-09
1.794074096679686647e+02 5.916257156954543252e-09
1.830317535400390625e+02 5.594726909128697017e-09
1.867291564941406534e+02 5.290496568984618121e-09
1.905014190673828409e+02 5.002644897964621512e-09
1.943497009277344034e+02 4.730340742138814866e-09
1.982759246826172728e+02 4.472721150187071231e-09
2.022812499999999432e+02 4.229038939150720783e-09
2.063677062988280682e+02 3.998545184923077131e-09
2.105364990234374432e+02 3.780547532316653409e-09
2.147897186279296591e+02 3.574364304748830844e-09
2.191286468505859091e+02 3.379388778638751253e-09
2.235554504394530682e+02 3.195006741559026661e-09
2.280714721679686647e+02 3.020658196912872241e-09
2.326789245605467897e+02 2.855798605612487841e-09
2.373792114257812784e+02 2.699930689009994855e-09
